0.0002,0.9835,0.0163
0.0000,0.0000,1.0000
0.0280,0.8893,0.0827
0.0000,0.0023,0.9977
0.0000,0.8864,0.1136
0.0000,0.0053,0.9947
0.1473,0.6940,0.1587
0.0561,0.9286,0.0152
0.3310,0.3212,0.3479
0.0000,0.9959,0.0041
0.0001,0.7718,0.2281
0.0003,0.5478,0.4519
0.0000,0.0001,0.9999
0.0000,0.3625,0.6375
0.0038,0.8866,0.1097
0.0000,0.9998,0.0001
0.0002,0.4137,0.5860
0.0038,0.8612,0.1350
0.6845,0.2635,0.0520
0.0001,0.0134,0.9866
0.0000,0.2076,0.7924
0.0016,0.9804,0.0179
0.0000,0.5265,0.4735
0.0000,1.0000,0.0000
0.0518,0.4968,0.4514
0.0002,0.0677,0.9321
0.0012,0.9930,0.0057
0.0046,0.7047,0.2907
0.0002,0.8697,0.1300
0.0063,0.9931,0.0006
0.1901,0.6009,0.2090
0.0043,0.9435,0.0523
0.0020,0.1266,0.8714
0.0000,0.9967,0.0033
0.0000,0.9990,0.0010
0.7086,0.2505,0.0410
0.0058,0.5213,0.4729
0.0000,0.9758,0.0242
0.0003,0.0011,0.9986
0.0338,0.2978,0.6684
0.0011,0.0236,0.9753
0.0072,0.3158,0.6771
0.0000,0.9969,0.0031
0.0000,0.0022,0.9978
0.0010,0.8878,0.1113
0.0000,0.3004,0.6996
0.0023,0.0104,0.9873
0.0082,0.8712,0.1206
0.0022,0.9886,0.0092
0.0161,0.2243,0.7596
0.0001,0.0271,0.9728
0.0689,0.0200,0.9111
0.0002,0.9682,0.0316
0.0001,0.0093,0.9906
0.0000,0.0550,0.9450
0.0000,0.9999,0.0001
0.0003,0.1257,0.8740
0.0000,0.9875,0.0125
0.0006,0.9404,0.0590
0.0003,0.5628,0.4369
0.0132,0.9599,0.0270
0.0003,0.2246,0.7752
0.0000,0.0021,0.9978
0.0000,0.9977,0.0023
0.0003,0.3951,0.6046
0.2459,0.2750,0.4791
0.0131,0.9128,0.0742
0.0586,0.0477,0.8937
0.0003,0.0017,0.9980
0.1846,0.0182,0.7972
0.0000,0.4641,0.5359
0.0068,0.5627,0.4304
0.0001,0.4141,0.5858
0.0005,0.6565,0.3430
0.0008,0.7287,0.2706
0.0000,0.9011,0.0989
0.0798,0.4887,0.4314
0.0000,1.0000,0.0000
0.0025,0.6925,0.3050
0.0007,0.8332,0.1661
0.0013,0.0315,0.9672
0.0027,0.6180,0.3793
0.0000,0.9967,0.0032
0.0019,0.3864,0.6116
0.0157,0.3632,0.6211
0.0034,0.8474,0.1492
0.0017,0.9548,0.0435
0.0000,0.0023,0.9977
0.0000,0.0378,0.9622
0.0002,0.0000,0.9997
0.0001,0.0175,0.9824
0.0002,0.1645,0.8353
0.0031,0.3153,0.6817
0.0014,0.1615,0.8371
0.0000,0.7545,0.2455
0.0000,0.1121,0.8879
0.0038,0.9898,0.0064
0.0073,0.7251,0.2677
0.0000,0.9988,0.0012
0.0088,0.3258,0.6654
0.0000,0.0008,0.9992
0.0021,0.9381,0.0599
0.0060,0.1706,0.8234
0.0003,0.0544,0.9453
0.0000,0.9424,0.0576
0.0004,0.7873,0.2123
0.0039,0.6468,0.3493
0.2459,0.7108,0.0433
0.0000,0.9861,0.0139
0.0003,0.0121,0.9875
0.0013,0.0462,0.9525
0.0046,0.0322,0.9632
0.0000,0.9957,0.0043
0.0000,0.9912,0.0088
0.0017,0.0882,0.9101
0.0000,0.3436,0.6564
0.0001,0.9896,0.0103
0.0000,0.9819,0.0181
0.0032,0.7183,0.2785
0.0786,0.7802,0.1412
0.0120,0.0649,0.9231
0.0001,0.8144,0.1855
0.0000,0.1732,0.8268
0.0139,0.8764,0.1097
0.0055,0.6091,0.3854
0.0009,0.2637,0.7354
0.0084,0.8086,0.1831
0.0000,0.4294,0.5706
0.0002,0.7822,0.2176
0.0001,0.3698,0.6301
0.0073,0.9667,0.0259
0.0028,0.3699,0.6274
0.0027,0.2657,0.7316
0.0055,0.1437,0.8508
0.0002,0.9739,0.0259
0.0225,0.1725,0.8050
0.0000,0.1149,0.8851
0.0232,0.5994,0.3774
0.0002,0.0443,0.9555
0.0069,0.8466,0.1465
0.0016,0.2586,0.7398
0.0000,0.0147,0.9853
0.0044,0.9928,0.0027
0.0001,0.0003,0.9995
0.0001,0.5809,0.4190
0.0026,0.4098,0.5876
0.0260,0.9511,0.0229
0.1526,0.0171,0.8303
0.0021,0.7821,0.2158
0.0281,0.2392,0.7327
0.0679,0.1585,0.7736
0.0126,0.9160,0.0714
0.0000,0.6505,0.3495
0.2544,0.1771,0.5685
0.3134,0.4318,0.2548
0.0488,0.9088,0.0424
0.0016,0.9978,0.0006
0.0532,0.5005,0.4463
0.0003,0.9629,0.0368
0.0517,0.9449,0.0034
0.0005,0.0654,0.9340
0.5097,0.2158,0.2745
0.0014,0.0089,0.9897
0.0000,0.2024,0.7976
0.0017,0.0068,0.9914
0.0000,0.0344,0.9656
0.0001,0.9699,0.0300
0.0071,0.0930,0.8999
0.0000,0.0000,1.0000
0.0000,0.3645,0.6355
0.0003,0.0065,0.9932
0.0001,0.8697,0.1302
0.1119,0.5295,0.3587
0.0000,0.9954,0.0046
0.0020,0.9641,0.0339
0.0000,0.9239,0.0761
0.0514,0.9036,0.0449
0.0043,0.9401,0.0556
0.0000,0.0564,0.9436
0.0157,0.9824,0.0019
0.0370,0.9492,0.0138
0.0881,0.6798,0.2321
0.8794,0.0437,0.0769
0.0010,0.0715,0.9276
0.0000,0.6822,0.3178
0.8668,0.0953,0.0379
0.0000,0.0214,0.9786
0.1186,0.3501,0.5313
0.0000,0.9983,0.0017
0.6881,0.1162,0.1956
0.0010,0.7607,0.2382
0.0003,0.2707,0.7290
0.0164,0.8387,0.1448
0.0136,0.8019,0.1846
0.0003,0.3814,0.6183
0.0002,0.5461,0.4537
0.0142,0.7388,0.2470
0.0000,0.1737,0.8263
0.0000,0.9920,0.0080
0.0076,0.7529,0.2395
0.0000,0.9997,0.0003
0.0000,0.9970,0.0030
0.0028,0.9565,0.0406
0.0030,0.8880,0.1090
0.0012,0.9963,0.0025
0.0004,0.0044,0.9951
0.0005,0.9780,0.0215
0.0000,0.9834,0.0165
0.0000,0.9662,0.0338
0.0009,0.0094,0.9897
0.2325,0.4266,0.3409
0.0062,0.7570,0.2368
0.0013,0.8670,0.1318
0.0021,0.6718,0.3261
0.0009,0.0057,0.9934
0.0115,0.6770,0.3116
0.0002,0.9990,0.0008
0.0048,0.0023,0.9929
0.0009,0.6229,0.3761
0.0060,0.9032,0.0908
0.0000,0.0002,0.9998
0.0001,0.6027,0.3972
0.0001,0.0315,0.9684
0.0000,0.0122,0.9877
0.0003,0.2583,0.7413
0.0008,0.0009,0.9983
0.0000,0.9769,0.0231
0.0004,0.9966,0.0031
0.0000,0.0055,0.9945
0.0012,0.0789,0.9199
0.0165,0.0040,0.9796
0.0002,0.8779,0.1218
0.0000,0.9702,0.0298
0.0000,0.9864,0.0136
0.0160,0.5949,0.3891
0.5586,0.0920,0.3494
0.0545,0.7479,0.1976
0.0244,0.9755,0.0001
0.0000,0.7921,0.2079
0.0044,0.1450,0.8506
0.0319,0.9444,0.0237
0.0080,0.9911,0.0009
0.0001,0.0351,0.9648
0.0000,0.9482,0.0518
0.0003,0.6912,0.3085
0.0000,0.9813,0.0187
0.1178,0.0538,0.8284
0.0027,0.6436,0.3537
0.0001,0.9473,0.0526
0.0002,0.9056,0.0941
0.0000,0.9497,0.0502
0.0042,0.1048,0.8910
0.0000,0.8798,0.1202
0.0096,0.1857,0.8047
0.0133,0.8814,0.1053
0.0002,0.9928,0.0070
0.0001,0.0004,0.9995
0.0000,0.0046,0.9953
0.0005,0.0013,0.9982
0.0007,0.9969,0.0024
0.0032,0.1101,0.8867
0.0096,0.8510,0.1394
0.0000,0.9920,0.0080
0.3092,0.6785,0.0123
0.0069,0.5293,0.4638
0.0069,0.7319,0.2612
0.0002,0.4406,0.5591
0.0000,0.5514,0.4486
0.5361,0.3598,0.1041
0.0035,0.7941,0.2024
0.0003,0.0352,0.9645
0.0001,0.0768,0.9231
0.0001,0.0053,0.9947
0.0040,0.1085,0.8875
0.0035,0.8795,0.1170
0.0137,0.8882,0.0981
0.0000,0.7048,0.2952
0.0236,0.7331,0.2432
0.0076,0.4981,0.4943
0.0058,0.0078,0.9864
0.0000,0.9447,0.0553
0.0002,0.7937,0.2061
0.0000,0.9956,0.0044
0.0000,0.9996,0.0004
0.1021,0.0301,0.8679
0.0000,0.4740,0.5260
0.0002,0.3293,0.6705
0.0120,0.9040,0.0840
0.5026,0.4754,0.0220
0.0002,0.3967,0.6031
0.0000,0.0001,0.9999
0.2217,0.7270,0.0513
0.0103,0.8428,0.1469
0.8519,0.0090,0.1391
0.0000,0.0601,0.9399
0.0007,0.9980,0.0014
0.2176,0.7495,0.0329
0.0000,0.9099,0.0901
0.0000,0.9977,0.0023
0.0000,0.0226,0.9774
0.0000,0.0012,0.9987
0.0000,0.0000,1.0000
0.0000,0.2071,0.7929
0.0000,0.4438,0.5562
0.0000,0.0000,1.0000
0.0000,0.0000,1.0000
0.0035,0.0783,0.9182
0.0026,0.9490,0.0485
0.0194,0.9364,0.0442
0.8099,0.1825,0.0076
0.6356,0.1150,0.2495
0.0001,0.9973,0.0026
0.0001,0.9983,0.0016
0.7066,0.1086,0.1848
0.0014,0.9958,0.0028
0.0167,0.9595,0.0237
0.0000,0.9983,0.0017
0.0000,0.9891,0.0109
0.0825,0.9102,0.0073
0.0003,0.9940,0.0058
0.0001,0.9233,0.0766
0.0001,0.9997,0.0003
0.0000,0.9647,0.0352
0.0040,0.9727,0.0233
0.6551,0.1221,0.2228
0.1139,0.7851,0.1011
0.0005,0.9785,0.0210
0.0180,0.9600,0.0221
0.0034,0.9925,0.0041
0.0031,0.9914,0.0055
0.3415,0.6543,0.0042
0.0005,0.9780,0.0215
0.1364,0.8561,0.0075
0.0005,0.9960,0.0036
0.0009,0.5436,0.4555
0.1915,0.7156,0.0929
0.0000,1.0000,0.0000
0.0000,0.9995,0.0005
0.0073,0.9916,0.0011
0.0000,0.9920,0.0080
0.0000,0.0123,0.9877
0.0000,0.9999,0.0001
0.0000,0.9997,0.0003
0.0000,1.0000,0.0000
0.0015,0.8739,0.1246
0.0049,0.9859,0.0092
0.0000,0.8546,0.1454
0.0001,0.0021,0.9978
0.0000,0.9987,0.0013
0.0193,0.9738,0.0069
0.0000,1.0000,0.0000
0.0001,0.9996,0.0003
0.0000,0.9892,0.0108
0.4385,0.4179,0.1436
0.2809,0.6897,0.0294
0.1536,0.6632,0.1832
0.0007,0.4633,0.5360
0.0022,0.9833,0.0145
0.0078,0.8191,0.1732
0.0000,0.9997,0.0002
0.0000,0.9975,0.0025
0.0007,0.9626,0.0368
0.0047,0.9919,0.0034
0.0705,0.5616,0.3679
0.8753,0.0939,0.0309
0.0004,0.9939,0.0057
0.0001,0.9823,0.0176
0.0000,1.0000,0.0000
0.0000,0.9997,0.0003
0.0000,0.9640,0.0360
0.0000,1.0000,0.0000
0.0001,0.9966,0.0034
0.0000,0.9978,0.0022
0.0014,0.9459,0.0527
0.0002,0.9878,0.0120
0.0067,0.9913,0.0021
0.0062,0.9713,0.0225
0.0000,1.0000,0.0000
0.0000,1.0000,0.0000
0.0000,1.0000,0.0000
0.0003,0.8446,0.1550
0.0161,0.9781,0.0058
0.4505,0.5439,0.0056
0.0000,0.9999,0.0001
0.3456,0.5603,0.0941
0.0015,0.9796,0.0189
0.0001,0.9721,0.0279
0.0001,0.9499,0.0500
0.0011,0.2811,0.7178
0.0000,0.8244,0.1756
0.0000,0.9957,0.0043
0.0001,0.9970,0.0029
0.8578,0.1259,0.0164
0.8280,0.0824,0.0897
0.8632,0.1235,0.0133
0.1491,0.7374,0.1135
0.4255,0.4632,0.1113
0.5335,0.2946,0.1719
0.0000,0.9991,0.0008
0.0000,0.9982,0.0018
0.0000,1.0000,0.0000
0.0000,0.9910,0.0090
0.0001,0.9994,0.0004
0.0000,1.0000,0.0000
0.0043,0.3106,0.6851
0.0001,0.3522,0.6477
0.0000,1.0000,0.0000
0.0000,0.9998,0.0002
0.0000,0.9998,0.0001
0.0000,1.0000,0.0000
0.3030,0.6492,0.0478
0.0000,1.0000,0.0000
0.0006,0.9989,0.0005
0.0001,0.9906,0.0093
0.0075,0.9719,0.0207
0.0000,1.0000,0.0000
0.0000,0.9721,0.0279
0.0000,0.9998,0.0002
0.0002,0.9987,0.0011
0.0000,1.0000,0.0000
0.0000,0.9972,0.0028
0.0001,0.9947,0.0052
0.0001,0.9598,0.0401
0.0798,0.9103,0.0100
0.0000,0.9990,0.0010
0.0000,0.9979,0.0021
0.0000,0.9826,0.0174
0.0000,0.9979,0.0021
0.0000,0.9950,0.0050
0.0007,0.9990,0.0003
0.0000,0.9910,0.0090
0.0019,0.9442,0.0539
0.0000,0.9998,0.0002
0.0000,0.9997,0.0003
0.0074,0.9867,0.0058
0.0000,0.9915,0.0085
0.0000,0.9958,0.0042
0.0000,0.1604,0.8396
0.0000,0.9993,0.0007
0.0000,0.9999,0.0001
0.0000,0.9999,0.0001
0.0533,0.8749,0.0718
0.0000,0.8607,0.1393
0.0001,0.9995,0.0004
0.0016,0.9201,0.0782
0.0000,0.9999,0.0001
0.0000,0.9818,0.0182
0.0000,0.9999,0.0001
0.0000,0.9998,0.0002
0.0026,0.9357,0.0617
0.0052,0.9916,0.0032
0.0000,1.0000,0.0000
0.0000,1.0000,0.0000
0.0000,1.0000,0.0000
0.0028,0.9950,0.0022
0.0005,0.9957,0.0038
0.1152,0.8401,0.0448
0.0004,0.9749,0.0247
0.0094,0.9841,0.0065
0.4255,0.4632,0.1113
0.0000,0.9976,0.0024
0.0000,1.0000,0.0000
0.0000,0.9964,0.0036
0.0002,0.9521,0.0477
0.0000,1.0000,0.0000
0.1405,0.8488,0.0107
0.0000,0.9962,0.0038
0.0014,0.9903,0.0083
0.0000,0.9585,0.0415
0.0000,0.9957,0.0043
0.0013,0.9936,0.0051
0.0003,0.9993,0.0003
0.0000,0.9690,0.0310
0.0000,0.9999,0.0001
0.0000,0.9087,0.0913
0.0002,0.0490,0.9507
0.4931,0.4922,0.0147
0.1365,0.8511,0.0124
0.0003,0.9329,0.0668
0.0002,0.9959,0.0040
0.0003,0.9989,0.0009
0.1641,0.8047,0.0313
0.0103,0.9683,0.0214
0.5559,0.2956,0.1485
0.0021,0.3034,0.6945
0.0005,0.0718,0.9277
0.0000,0.9722,0.0278
0.0025,0.5683,0.4292
0.0004,0.9965,0.0031
0.0000,1.0000,0.0000
0.0253,0.1091,0.8657
0.0000,0.9996,0.0004
0.0000,0.7129,0.2871
0.0000,0.9999,0.0001
0.0000,1.0000,0.0000
0.0001,0.9973,0.0027
0.0000,0.9978,0.0022
0.0000,0.9973,0.0027
0.0002,0.9989,0.0009
0.0021,0.8554,0.1425
0.0006,0.9486,0.0509
0.0000,0.9898,0.0102
0.0001,0.9995,0.0004
0.0000,0.9937,0.0063
0.0683,0.8960,0.0357
0.1553,0.7733,0.0714
0.0000,1.0000,0.0000
0.0001,0.6649,0.3349
0.0020,0.9959,0.0021
0.0001,0.9998,0.0001
0.0013,0.9321,0.0666
0.0000,1.0000,0.0000
0.0000,0.9999,0.0001
0.0000,1.0000,0.0000
0.1005,0.8923,0.0072
0.0212,0.9687,0.0100
0.0892,0.8798,0.0310
0.0001,0.9970,0.0030
0.0000,0.9989,0.0011
0.0034,0.9931,0.0036
0.0049,0.9775,0.0177
0.0102,0.9135,0.0763
0.0000,0.9980,0.0020
0.1162,0.8806,0.0032
0.0000,1.0000,0.0000
0.0000,0.9973,0.0027
0.0000,0.8579,0.1421
0.0000,0.9979,0.0021
0.0000,1.0000,0.0000
0.0000,0.9988,0.0012
0.0001,0.9995,0.0004
0.0002,0.2717,0.7280
0.0000,0.9997,0.0003
0.0000,0.9828,0.0172
0.0000,0.9971,0.0029
0.0003,0.1618,0.8379
0.0000,0.2975,0.7025
0.0025,0.9975,0.0000
0.0000,0.9998,0.0002
0.0002,0.9901,0.0098
0.9845,0.0145,0.0010
0.0001,0.9999,0.0001
0.0000,0.9916,0.0084
0.0000,1.0000,0.0000
0.0000,1.0000,0.0000
0.6492,0.3128,0.0379
0.0000,0.8413,0.1587
0.0000,0.9996,0.0004
0.0000,0.9999,0.0001
0.0003,0.9835,0.0162
0.0003,0.9832,0.0165
0.0000,0.9993,0.0007
0.0002,0.9986,0.0012
0.0001,0.9983,0.0017
0.0001,0.9981,0.0018
0.0179,0.9759,0.0062
0.0018,0.9972,0.0010
0.0000,1.0000,0.0000
0.0000,1.0000,0.0000
0.0000,0.9937,0.0063
0.0000,0.9999,0.0001
0.0001,0.9896,0.0103
0.0247,0.9339,0.0414
0.0001,0.9572,0.0427
0.0000,0.9998,0.0002
0.0030,0.9730,0.0240
0.3473,0.6276,0.0251
0.0000,0.9995,0.0004
0.0000,1.0000,0.0000
0.0000,0.9936,0.0064
0.1778,0.4451,0.3772
0.0000,0.9882,0.0118
0.0000,0.9991,0.0009
0.0002,0.9787,0.0211
0.0000,0.9805,0.0195
0.0001,0.9802,0.0197
0.0001,0.8213,0.1786
0.0002,0.9714,0.0284
0.0000,1.0000,0.0000
0.0000,0.9996,0.0004
0.4015,0.5834,0.0151
0.0000,1.0000,0.0000
0.0256,0.9339,0.0405
0.0000,0.9785,0.0215
0.0120,0.7570,0.2310
0.0106,0.9889,0.0005
0.0000,0.9440,0.0560
0.0000,0.9994,0.0006
0.0000,0.9959,0.0041
0.0000,0.9893,0.0107
0.0009,0.9837,0.0154
0.0006,0.8852,0.1142
0.0000,1.0000,0.0000
0.0000,0.9999,0.0001
0.0000,0.9994,0.0006
0.0002,0.4972,0.5026
0.0000,0.9999,0.0001
0.0000,0.9008,0.0992
0.0482,0.7690,0.1829
0.0000,0.9914,0.0086
0.0000,0.9998,0.0002
0.0004,0.9138,0.0858
0.0008,0.9886,0.0106
0.0023,0.9937,0.0039
0.0131,0.9819,0.0050
0.0000,1.0000,0.0000
0.0000,1.0000,0.0000
0.0000,0.9999,0.0001
0.0006,0.9213,0.0781
0.0022,0.9829,0.0149
0.0005,0.9093,0.0902
0.0000,0.9804,0.0196
0.0000,0.8361,0.1639
0.0002,0.0199,0.9798
0.0000,0.1580,0.8420
0.0000,0.9997,0.0002
0.0000,0.9753,0.0246
0.0017,0.9646,0.0337
0.5523,0.3331,0.1146
0.0000,1.0000,0.0000
0.0000,0.9991,0.0009
0.0129,0.9808,0.0063
0.0000,0.9996,0.0004
0.0000,1.0000,0.0000
0.0149,0.8764,0.1087
0.0004,0.9994,0.0002
0.0143,0.0087,0.9770
0.0001,0.9983,0.0016
0.0002,0.9997,0.0001
0.0000,0.9952,0.0048
0.0015,0.9979,0.0006
0.0004,0.7659,0.2337
0.0000,1.0000,0.0000
0.0000,0.9923,0.0077
0.0000,1.0000,0.0000
0.3245,0.3761,0.2994
0.6939,0.3016,0.0045
0.0001,0.9910,0.0089
0.0004,0.9814,0.0182
0.0000,0.9992,0.0007
0.0000,0.9200,0.0800
0.0000,1.0000,0.0000
0.0000,0.9996,0.0004
0.0000,0.9989,0.0011
0.0000,0.9997,0.0003
0.9111,0.0621,0.0268
0.0000,0.9776,0.0224
0.0307,0.9293,0.0400
0.0000,0.9976,0.0024
0.0158,0.8921,0.0921
0.0000,0.9966,0.0034
0.0000,0.9839,0.0161
0.0015,0.9923,0.0062
0.0000,0.9999,0.0001
0.0000,0.9924,0.0076
0.6706,0.3103,0.0191
0.0024,0.9895,0.0081
0.9281,0.0534,0.0184
0.0000,0.9951,0.0049
0.0000,1.0000,0.0000
0.0000,0.9999,0.0001
0.0027,0.9973,0.0001
0.0008,0.9991,0.0001
0.0000,1.0000,0.0000
0.1214,0.8774,0.0012
0.0000,0.9999,0.0001
0.0007,0.9788,0.0205
0.0000,0.9999,0.0001
0.0000,0.9999,0.0001
0.0009,0.9686,0.0306
0.0017,0.9913,0.0070
0.0056,0.7348,0.2595
0.0534,0.0793,0.8673
0.0000,0.9191,0.0809
0.0176,0.1294,0.8530
0.0000,0.7349,0.2651
0.0000,0.9996,0.0004
0.0000,0.9999,0.0001
0.0636,0.9323,0.0041
0.0005,0.9966,0.0030
0.0000,0.9723,0.0277
0.0002,0.9197,0.0801
0.0000,1.0000,0.0000
0.0345,0.3544,0.6111
0.0153,0.8975,0.0873
0.0000,0.9984,0.0016
0.0000,0.9999,0.0001
0.0016,0.9744,0.0240
0.0000,0.9987,0.0013
0.0006,0.9983,0.0011
0.0887,0.8579,0.0533
0.0000,0.9998,0.0002
0.0000,0.9993,0.0007
0.0000,0.9996,0.0004
0.0000,0.9975,0.0025
0.1391,0.1124,0.7486
0.0000,0.9999,0.0001
0.0000,0.9729,0.0271
0.0000,0.9999,0.0001
0.0000,0.9997,0.0003
0.0000,0.9957,0.0043
0.0001,0.9970,0.0029
0.0001,0.9993,0.0006
0.0454,0.9250,0.0296
0.0000,0.7093,0.2907
0.0017,0.9942,0.0041
0.5111,0.4364,0.0525
0.7006,0.1201,0.1792
0.2712,0.6046,0.1243
0.0173,0.9749,0.0078
0.3707,0.4577,0.1715
0.5295,0.3822,0.0882
0.0004,0.9989,0.0007
0.0036,0.9945,0.0019
0.0000,0.9987,0.0013
0.0002,0.9960,0.0038
0.0000,1.0000,0.0000
0.0002,0.9998,0.0000
0.0023,0.9974,0.0003
0.0000,0.9988,0.0012
0.0005,0.7227,0.2767
0.0000,1.0000,0.0000
0.0008,0.3173,0.6819
0.0000,0.4438,0.5562
0.0004,0.9995,0.0001
0.0000,0.9999,0.0000
0.0007,0.9480,0.0514
0.0001,0.9990,0.0009
0.0000,0.9995,0.0004
0.0000,0.9998,0.0002
0.0000,0.9999,0.0001
0.0000,0.9987,0.0012
0.0000,0.9566,0.0433
0.0000,1.0000,0.0000
0.0000,0.9970,0.0030
0.0001,0.9996,0.0003
0.0002,0.9991,0.0006
0.0000,1.0000,0.0000
0.0012,0.9980,0.0008
0.0000,0.9999,0.0001
0.0058,0.9903,0.0038
0.7438,0.1776,0.0787
0.0001,0.5489,0.4510
0.0000,0.9986,0.0014
0.2948,0.7042,0.0010
0.0057,0.9931,0.0012
0.0000,1.0000,0.0000
0.0000,1.0000,0.0000
0.0018,0.9677,0.0304
0.0000,0.9999,0.0001
0.0000,0.9820,0.0180
0.0490,0.9468,0.0042
0.0000,0.9997,0.0003
0.0001,0.9993,0.0006
0.0368,0.8649,0.0983
0.0000,1.0000,0.0000
0.0000,0.9996,0.0004
0.0000,0.9990,0.0010
0.0001,0.9988,0.0012
0.0096,0.8963,0.0941
0.0001,0.6212,0.3787
0.0001,0.9958,0.0041
0.0059,0.8990,0.0951
0.8920,0.0310,0.0770
0.0007,0.9955,0.0039
0.0000,0.9934,0.0066
0.6593,0.3074,0.0333
0.0000,0.9954,0.0045
0.0300,0.5320,0.4381
0.0001,0.2621,0.7378
0.0003,0.0016,0.9982
0.0000,0.5197,0.4803
0.0420,0.5049,0.4531
0.0075,0.6060,0.3864
0.0000,0.0007,0.9993
0.0001,0.5520,0.4480
0.0000,0.9534,0.0466
0.0001,0.5148,0.4851
0.0012,0.0393,0.9595
0.0027,0.9390,0.0583
