0.0001,0.0244,0.9755
0.0000,1.0000,0.0000
0.0000,1.0000,0.0000
0.0000,0.9994,0.0006
0.0001,0.9992,0.0006
0.0000,0.9999,0.0001
0.0000,1.0000,0.0000
0.0001,0.9425,0.0575
0.0000,1.0000,0.0000
0.3237,0.6594,0.0169
0.0000,0.9993,0.0006
0.0001,0.9999,0.0000
0.0001,0.9453,0.0546
0.0000,1.0000,0.0000
0.0004,0.9974,0.0022
0.7496,0.2321,0.0182
0.0000,1.0000,0.0000
0.0000,0.9965,0.0035
0.0032,0.9958,0.0010
0.0211,0.0453,0.9335
0.0000,0.9984,0.0015
0.0000,1.0000,0.0000
0.0000,0.7231,0.2769
0.0004,0.0038,0.9959
0.0000,1.0000,0.0000
0.0000,0.9999,0.0001
0.0000,1.0000,0.0000
0.0000,0.9984,0.0015
0.0000,0.9954,0.0046
0.0005,0.9986,0.0009
0.0000,0.9998,0.0002
0.0000,1.0000,0.0000
0.0000,0.9901,0.0099
0.0000,0.9920,0.0080
0.0001,0.9985,0.0014
0.0995,0.8990,0.0015
0.0000,1.0000,0.0000
0.0000,0.9993,0.0007
0.0000,1.0000,0.0000
0.0004,0.9931,0.0064
0.0000,1.0000,0.0000
0.0000,0.9999,0.0001
0.0000,1.0000,0.0000
0.0000,0.9996,0.0004
0.0000,1.0000,0.0000
0.0000,1.0000,0.0000
0.0000,0.9995,0.0005
0.0000,1.0000,0.0000
0.0000,1.0000,0.0000
0.0000,1.0000,0.0000
0.0000,1.0000,0.0000
0.0000,0.9257,0.0743
0.0000,0.9990,0.0009
0.0000,1.0000,0.0000
0.0051,0.7517,0.2433
0.0000,0.9973,0.0026
0.0000,1.0000,0.0000
0.0143,0.9299,0.0557
0.0003,0.9996,0.0000
0.0002,0.9862,0.0136
0.0001,0.9988,0.0011
0.0000,0.0290,0.9710
0.0000,0.9998,0.0002
0.0000,1.0000,0.0000
0.0000,1.0000,0.0000
0.0000,0.9997,0.0003
0.0000,0.9951,0.0049
0.0002,0.8932,0.1065
0.0002,0.8738,0.1260
0.0160,0.5990,0.3850
0.0007,0.9741,0.0253
0.0002,0.8888,0.1110
0.0002,0.9441,0.0557
0.0000,0.8947,0.1053
0.0001,0.9984,0.0016
0.0000,0.7362,0.2638
0.0000,0.9565,0.0435
0.3512,0.3159,0.3328
0.0000,0.9999,0.0000
0.0001,0.9975,0.0025
0.0001,0.9928,0.0071
0.0000,1.0000,0.0000
0.0000,0.9996,0.0004
0.0000,1.0000,0.0000
0.0000,0.9992,0.0008
0.0000,1.0000,0.0000
0.0011,0.9988,0.0001
0.0003,0.9937,0.0060
0.0000,1.0000,0.0000
0.0003,0.9744,0.0253
0.0000,0.9999,0.0001
0.0000,1.0000,0.0000
0.0002,0.9962,0.0036
0.0000,0.9999,0.0001
0.0001,0.9970,0.0029
0.0000,1.0000,0.0000
0.0010,0.9946,0.0044
0.0402,0.8035,0.1563
0.1040,0.8051,0.0909
0.0000,1.0000,0.0000
0.0000,0.9961,0.0038
0.0076,0.8651,0.1273
0.0000,0.9999,0.0001
0.0000,1.0000,0.0000
0.2860,0.6122,0.1017
0.8981,0.0921,0.0098
0.6034,0.1593,0.2373
0.8481,0.0654,0.0865
0.0049,0.9908,0.0043
0.0030,0.9950,0.0020
0.0000,0.9996,0.0004
0.0000,0.9985,0.0015
0.0016,0.9865,0.0118
0.2247,0.7665,0.0088
0.7127,0.2559,0.0314
0.8826,0.0923,0.0251
0.3550,0.1943,0.4507
0.0108,0.9421,0.0470
0.4819,0.3194,0.1987
0.0000,0.9982,0.0018
0.0009,0.9710,0.0281
0.0458,0.5908,0.3634
0.0254,0.6933,0.2813
0.0018,0.9481,0.0501
0.0075,0.3464,0.6461
0.0005,0.9836,0.0160
0.0015,0.9591,0.0394
0.0005,0.9043,0.0952
0.0000,0.9848,0.0152
0.0000,0.9998,0.0002
0.0000,0.9999,0.0001
0.0000,0.0031,0.9969
0.0005,0.9991,0.0004
0.7865,0.1870,0.0265
0.6079,0.0358,0.3563
0.5381,0.4268,0.0351
0.0007,0.9962,0.0031
0.0626,0.9242,0.0132
0.0001,0.2103,0.7896
0.0037,0.8136,0.1827
0.0045,0.9783,0.0171
0.0014,0.2332,0.7654
0.1581,0.1119,0.7300
0.0100,0.7887,0.2013
0.0000,0.9999,0.0001
0.0003,0.9317,0.0680
0.0169,0.7966,0.1864
0.0001,0.0029,0.9970
0.0089,0.9616,0.0295
0.0004,0.9897,0.0099
0.0011,0.9986,0.0003
0.0000,1.0000,0.0000
0.9631,0.0257,0.0112
0.0000,0.9991,0.0009
0.0082,0.9867,0.0050
0.0002,0.9796,0.0202
0.0000,0.9998,0.0002
0.6949,0.2892,0.0159
0.5959,0.3609,0.0431
0.0004,0.9043,0.0953
0.4512,0.0947,0.4540
0.0338,0.9006,0.0656
0.6010,0.3352,0.0638
0.0000,0.9952,0.0048
0.0000,0.9954,0.0045
0.0378,0.8871,0.0752
0.0005,0.9992,0.0003
0.1982,0.1629,0.6389
0.0152,0.9653,0.0195
0.0000,0.9855,0.0145
0.0000,0.8549,0.1451
0.0002,0.3025,0.6973
0.0001,0.9624,0.0375
0.0000,1.0000,0.0000
0.0000,0.2055,0.7945
0.2480,0.7510,0.0011
0.0892,0.8705,0.0403
0.3081,0.5857,0.1062
0.0000,0.9986,0.0014
0.0013,0.6001,0.3986
0.0000,1.0000,0.0000
0.0159,0.3010,0.6831
0.0011,0.1407,0.8583
0.0123,0.0440,0.9436
0.0002,0.9749,0.0249
0.0001,0.9999,0.0000
0.0000,0.0202,0.9798
0.0001,0.9913,0.0086
0.0000,0.9734,0.0266
0.0000,0.9985,0.0014
0.0000,0.9999,0.0001
0.2632,0.7288,0.0081
0.0091,0.8916,0.0993
0.0326,0.8617,0.1057
0.0019,0.5944,0.4037
0.0000,0.9154,0.0846
0.0006,0.9792,0.0201
0.0003,0.4245,0.5752
0.0000,0.3851,0.6148
0.0011,0.3010,0.6980
0.0006,0.2859,0.7136
0.0000,0.5481,0.4519
0.0001,0.9247,0.0752
0.3612,0.6361,0.0027
0.0011,0.0789,0.9199
0.0000,0.9624,0.0376
0.0000,0.9794,0.0206
0.0137,0.9836,0.0027
0.0263,0.4084,0.5653
0.4395,0.4792,0.0813
0.0000,0.9986,0.0014
0.0000,0.9467,0.0533
0.4086,0.5261,0.0653
0.0001,0.9814,0.0185
0.3996,0.2651,0.3353
0.0000,1.0000,0.0000
0.0000,0.9998,0.0002
0.0187,0.9753,0.0059
0.0000,0.9879,0.0121
0.5493,0.4218,0.0289
0.7619,0.1541,0.0840
0.0111,0.7532,0.2357
0.3539,0.5854,0.0607
0.9643,0.0132,0.0225
0.0223,0.9759,0.0018
0.8960,0.0958,0.0082
0.2892,0.2069,0.5039
0.8643,0.0799,0.0558
0.0270,0.5053,0.4677
0.0017,0.9913,0.0070
0.0000,0.8221,0.1779
0.0000,0.9999,0.0001
0.0316,0.0941,0.8743
0.0007,0.9910,0.0084
0.0037,0.9957,0.0006
0.0517,0.1105,0.8378
0.0000,0.9821,0.0179
0.0064,0.8640,0.1296
0.0008,0.9963,0.0029
0.0071,0.0926,0.9003
0.8212,0.1671,0.0117
0.0000,0.9998,0.0001
0.0021,0.8444,0.1535
0.0000,1.0000,0.0000
0.8819,0.1150,0.0031
0.0082,0.3419,0.6499
0.0001,0.9995,0.0004
0.3455,0.5490,0.1055
0.3483,0.6380,0.0137
0.0044,0.9943,0.0013
0.0000,0.7898,0.2102
0.0006,0.9953,0.0041
0.0068,0.0098,0.9834
0.0000,0.9994,0.0006
0.0527,0.9258,0.0215
0.3903,0.6021,0.0076
0.0000,0.9678,0.0322
0.0000,1.0000,0.0000
0.0012,0.6159,0.3829
0.0003,0.9984,0.0014
0.0000,0.9968,0.0031
0.0000,0.9994,0.0006
0.0000,0.8467,0.1533
0.0000,0.9241,0.0759
0.0000,1.0000,0.0000
0.0002,0.9987,0.0011
0.2428,0.4926,0.2646
0.7486,0.2127,0.0387
0.0002,0.9986,0.0012
0.0000,0.9592,0.0408
0.0185,0.9628,0.0187
0.0109,0.9874,0.0017
0.8668,0.0953,0.0379
0.0012,0.9937,0.0050
0.0000,0.9231,0.0769
0.0002,0.9906,0.0092
0.0000,0.9991,0.0009
0.0002,0.6729,0.3269
0.0000,1.0000,0.0000
0.0000,0.9999,0.0001
0.0002,0.5501,0.4497
0.0000,0.9991,0.0008
0.0000,0.9507,0.0493
0.0957,0.3097,0.5946
0.0001,0.9836,0.0163
0.0025,0.9962,0.0013
0.0000,1.0000,0.0000
0.0000,0.9996,0.0004
0.0001,0.9984,0.0016
0.0001,0.2175,0.7824
0.0001,0.9655,0.0344
0.0006,0.9529,0.0465
0.0001,0.9931,0.0068
0.0091,0.9778,0.0131
0.1777,0.8030,0.0193
0.0011,0.6288,0.3702
0.0000,0.8930,0.1070
0.5766,0.2172,0.2062
0.0003,0.8736,0.1261
0.0002,0.9568,0.0430
0.0226,0.4374,0.5400
0.0052,0.9913,0.0035
0.0000,0.9992,0.0008
0.0000,0.9937,0.0063
0.0125,0.9817,0.0058
0.8309,0.1455,0.0237
0.0001,0.9976,0.0023
0.0127,0.8912,0.0961
0.2247,0.7708,0.0045
0.0002,0.9984,0.0014
0.0000,0.9991,0.0009
0.0032,0.9470,0.0498
0.0002,0.9965,0.0033
0.0027,0.9896,0.0077
0.0001,0.9998,0.0001
0.0002,0.9998,0.0001
0.0205,0.9549,0.0246
0.0001,0.9905,0.0094
0.0047,0.5613,0.4340
0.0001,0.9665,0.0334
0.0062,0.7866,0.2072
0.0002,0.9995,0.0003
0.0115,0.9884,0.0001
0.0083,0.6847,0.3070
0.0000,0.9999,0.0001
0.2207,0.0204,0.7589
0.0251,0.2841,0.6908
0.1611,0.5198,0.3191
0.5050,0.1249,0.3700
0.0013,0.9937,0.0050
0.0001,0.9551,0.0448
0.0129,0.9855,0.0016
0.0189,0.9643,0.0168
0.1844,0.7787,0.0369
0.0290,0.8379,0.1331
0.0015,0.9806,0.0179
0.0066,0.9931,0.0003
0.3611,0.4139,0.2250
0.0000,0.9676,0.0324
0.0192,0.0110,0.9697
0.0001,0.9978,0.0021
0.0035,0.9484,0.0481
0.0017,0.2464,0.7519
0.0001,0.2942,0.7057
0.0009,0.9887,0.0104
0.0002,0.9507,0.0491
0.0002,0.8669,0.1330
0.0000,0.9994,0.0006
0.0000,0.8144,0.1856
0.2398,0.5349,0.2253
0.1825,0.4981,0.3195
0.0113,0.9107,0.0780
0.0003,0.9908,0.0089
0.0000,0.9920,0.0080
0.6330,0.2530,0.1140
0.0301,0.9600,0.0099
0.0000,0.9989,0.0011
0.0004,0.9979,0.0017
0.0000,1.0000,0.0000
0.0009,0.1307,0.8684
0.0000,0.9581,0.0419
0.0000,0.7786,0.2214
0.0052,0.9194,0.0754
0.0002,0.9267,0.0731
0.0039,0.0422,0.9539
0.0000,1.0000,0.0000
0.0002,0.9983,0.0016
0.1701,0.7850,0.0449
0.0018,0.9977,0.0004
0.1867,0.8028,0.0105
0.6091,0.0247,0.3662
0.0015,0.9676,0.0309
0.0022,0.9965,0.0013
0.0016,0.4983,0.5001
0.0917,0.6951,0.2132
0.0000,0.9999,0.0001
0.2147,0.2237,0.5616
0.2200,0.7460,0.0341
0.0009,0.0061,0.9930
0.5675,0.3535,0.0791
0.0920,0.8754,0.0326
0.3518,0.5531,0.0951
0.0001,0.9583,0.0415
0.9484,0.0199,0.0317
0.0438,0.0413,0.9149
0.1130,0.0041,0.8829
0.2727,0.1794,0.5479
0.1018,0.6283,0.2699
0.0001,0.3083,0.6916
0.0011,0.8142,0.1847
0.0000,0.9819,0.0181
0.0000,0.9996,0.0003
0.0000,0.0491,0.9509
0.0002,0.9854,0.0145
0.0006,0.9317,0.0677
0.0202,0.9791,0.0007
0.0000,0.9991,0.0009
0.0067,0.9859,0.0074
0.0001,0.9953,0.0047
0.0000,0.9554,0.0446
0.1751,0.7938,0.0311
0.0000,1.0000,0.0000
0.0000,1.0000,0.0000
0.0000,1.0000,0.0000
0.0007,0.0020,0.9973
0.1166,0.8825,0.0008
0.0000,1.0000,0.0000
0.0000,1.0000,0.0000
0.0000,0.9997,0.0003
0.0000,0.9996,0.0004
0.0556,0.9048,0.0395
0.0436,0.7466,0.2098
0.0006,0.9656,0.0338
0.0458,0.6849,0.2693
0.0000,0.9999,0.0001
0.5303,0.2692,0.2005
0.0169,0.9745,0.0086
0.1197,0.7687,0.1117
0.0074,0.9507,0.0419
0.3707,0.4577,0.1715
0.0000,1.0000,0.0000
0.0000,1.0000,0.0000
0.0014,0.9717,0.0270
0.0033,0.9816,0.0151
0.0109,0.9512,0.0379
0.0000,0.9673,0.0327
0.4725,0.0891,0.4384
0.0003,0.3366,0.6631
0.0000,0.9865,0.0135
0.0000,0.9997,0.0003
0.0000,1.0000,0.0000
0.8065,0.1309,0.0626
0.0001,0.9979,0.0021
0.0000,1.0000,0.0000
0.0000,1.0000,0.0000
0.0069,0.9901,0.0030
0.0004,0.9470,0.0527
0.0003,0.9996,0.0001
0.0001,0.8734,0.1265
0.0000,0.9920,0.0080
0.0270,0.9002,0.0728
0.0000,0.1526,0.8474
0.0807,0.9193,0.0000
0.0000,0.9970,0.0030
0.0001,0.9988,0.0011
0.0000,0.7107,0.2893
0.0023,0.5247,0.4730
0.0000,1.0000,0.0000
0.0777,0.8934,0.0289
0.0001,0.9998,0.0001
0.0001,0.2708,0.7291
0.0005,0.9840,0.0155
0.0003,0.9996,0.0000
0.0000,0.9194,0.0806
0.0001,0.8735,0.1264
0.7520,0.1165,0.1316
0.0003,0.9984,0.0014
0.0703,0.5092,0.4204
0.0054,0.5462,0.4485
0.0113,0.3691,0.6196
0.0038,0.8828,0.1134
0.0001,0.9739,0.0259
0.0027,0.8983,0.0990
0.0337,0.9620,0.0044
0.0000,0.9916,0.0084
0.0007,0.1873,0.8120
0.0000,0.9989,0.0011
0.0071,0.1254,0.8675
0.0000,0.9518,0.0482
0.0000,1.0000,0.0000
0.0010,0.9981,0.0009
0.0000,0.1972,0.8028
0.0000,0.9960,0.0040
0.0000,0.9995,0.0005
0.0001,0.8632,0.1367
0.0236,0.8575,0.1189
0.1120,0.8864,0.0016
0.0000,1.0000,0.0000
0.0000,0.9856,0.0143
0.0000,0.9332,0.0668
0.0050,0.9906,0.0045
0.0000,1.0000,0.0000
0.0021,0.9941,0.0038
0.0287,0.8373,0.1340
0.1131,0.7580,0.1290
0.0001,0.9797,0.0201
0.0000,1.0000,0.0000
0.0020,0.0068,0.9912
0.0000,0.9904,0.0096
0.1156,0.4895,0.3949
0.0008,0.5043,0.4949
0.0000,0.9999,0.0001
0.0000,0.9860,0.0140
0.0099,0.8123,0.1777
0.0897,0.8314,0.0790
0.6360,0.1450,0.2190
0.0000,0.9887,0.0113
0.0000,0.9999,0.0001
0.0028,0.6370,0.3602
0.0000,0.9998,0.0002
0.0001,0.7587,0.2412
0.0054,0.9879,0.0068
0.0000,0.2917,0.7082
0.0278,0.4221,0.5501
0.0010,0.7398,0.2592
0.1103,0.8787,0.0110
0.0000,0.9994,0.0005
0.0506,0.4266,0.5228
0.0000,0.9990,0.0010
0.0000,1.0000,0.0000
0.0046,0.1422,0.8532
0.0059,0.9726,0.0215
0.0006,0.9986,0.0008
0.0006,0.3636,0.6357
0.4144,0.5353,0.0503
0.0001,0.9998,0.0002
0.0000,0.9718,0.0282
0.0001,0.9992,0.0007
0.2587,0.6267,0.1146
0.0000,1.0000,0.0000
0.0525,0.9172,0.0303
0.0000,1.0000,0.0000
0.0000,0.9999,0.0001
0.0000,0.9999,0.0001
0.0000,0.9970,0.0030
0.0001,0.9968,0.0031
0.0124,0.8436,0.1440
0.1811,0.8114,0.0075
0.9407,0.0361,0.0232
0.0000,0.9993,0.0007
0.0000,0.8771,0.1229
0.0001,0.9436,0.0563
0.0003,0.6834,0.3163
0.0003,0.7501,0.2497
0.0124,0.9865,0.0011
0.0006,0.6186,0.3809
0.0116,0.9778,0.0107
0.1694,0.7983,0.0323
0.1329,0.8345,0.0326
0.0012,0.9787,0.0201
0.0212,0.9784,0.0004
0.0000,0.9999,0.0001
0.0000,0.9984,0.0016
0.0000,1.0000,0.0000
0.0482,0.8357,0.1162
0.0000,0.9806,0.0194
0.0001,0.8860,0.1139
0.0000,1.0000,0.0000
0.0000,0.9998,0.0002
0.0001,0.9996,0.0003
0.0001,0.0731,0.9268
0.0012,0.6168,0.3821
0.0001,0.9395,0.0604
0.9136,0.0802,0.0062
0.0001,0.9972,0.0027
0.9873,0.0116,0.0011
0.0001,0.0862,0.9137
0.0001,0.9962,0.0037
0.0121,0.9872,0.0007
0.0003,0.9919,0.0078
0.0001,0.9999,0.0001
0.0253,0.9447,0.0300
0.0040,0.9950,0.0010
0.0000,1.0000,0.0000
0.0000,0.9992,0.0007
0.0001,0.9960,0.0039
0.0000,0.9996,0.0004
0.0180,0.9770,0.0050
0.0000,1.0000,0.0000
0.0023,0.8362,0.1615
0.0444,0.9488,0.0068
0.0101,0.9871,0.0027
0.0680,0.6626,0.2694
0.0002,0.9995,0.0003
0.0436,0.7348,0.2216
0.4464,0.5039,0.0497
0.2157,0.7528,0.0315
0.0000,0.9992,0.0007
0.0000,1.0000,0.0000
0.0055,0.9920,0.0025
0.0011,0.9441,0.0548
0.0001,0.9830,0.0169
0.0000,1.0000,0.0000
0.0088,0.9904,0.0008
0.0014,0.9981,0.0005
0.0007,0.4337,0.5656
0.0007,0.9553,0.0440
0.1909,0.8053,0.0038
0.0297,0.9676,0.0027
0.0002,0.9899,0.0100
0.0000,0.3468,0.6532
0.0509,0.8547,0.0944
0.0000,0.9959,0.0041
0.0000,1.0000,0.0000
0.0000,0.4606,0.5394
0.0097,0.3339,0.6564
0.6356,0.1150,0.2495
0.0002,0.9291,0.0707
0.0000,0.9998,0.0001
0.8936,0.1020,0.0044
0.0015,0.9980,0.0005
0.1181,0.8487,0.0332
0.0002,0.2894,0.7105
0.0009,0.9277,0.0714
0.0003,0.9840,0.0157
0.0107,0.9685,0.0208
0.0077,0.9847,0.0077
0.0000,0.9997,0.0003
0.0002,0.5488,0.4510
0.0000,0.9991,0.0009
0.0007,0.8753,0.1240
0.0021,0.9742,0.0236
0.0000,0.9927,0.0073
0.0000,0.9920,0.0080
0.0015,0.0030,0.9954
0.0000,0.8876,0.1124
0.2275,0.7246,0.0480
0.0003,0.9964,0.0033
0.0070,0.9307,0.0622
0.0001,0.8196,0.1803
0.0001,0.8763,0.1236
0.0000,1.0000,0.0000
0.4669,0.4714,0.0617
0.0000,0.7726,0.2274
0.8668,0.0953,0.0379
0.0000,1.0000,0.0000
0.0283,0.9709,0.0008
0.0001,0.9927,0.0072
0.0047,0.0724,0.9228
0.0569,0.9410,0.0020
0.0015,0.9912,0.0072
0.0002,0.1398,0.8600
0.0000,0.9737,0.0263
0.0003,0.0844,0.9153
0.0004,0.9810,0.0186
0.0680,0.7320,0.2000
0.0350,0.9328,0.0322
0.0000,1.0000,0.0000
0.0001,0.1985,0.8014
0.0003,0.9991,0.0005
0.0251,0.0172,0.9577
0.0000,0.0770,0.9230
0.0004,0.5490,0.4506
0.0020,0.9961,0.0019
0.0000,0.9957,0.0043
0.0000,0.9837,0.0162
0.0000,1.0000,0.0000
0.0464,0.9515,0.0020
0.0725,0.8984,0.0291
0.0064,0.0712,0.9224
0.1225,0.7987,0.0788
0.0993,0.6089,0.2918
0.0010,0.9984,0.0006
0.0001,0.6792,0.3207
0.0000,0.9791,0.0209
0.1654,0.4257,0.4089
0.0000,1.0000,0.0000
0.0029,0.9322,0.0649
0.0001,0.9320,0.0679
0.8512,0.1479,0.0009
0.0015,0.0086,0.9899
0.0001,0.9946,0.0054
0.1538,0.6265,0.2197
0.0049,0.9882,0.0069
0.0013,0.1896,0.8091
0.0014,0.9974,0.0012
0.0000,0.9999,0.0001
0.1083,0.8449,0.0468
0.0001,0.9998,0.0001
0.7765,0.2178,0.0057
0.0146,0.0391,0.9463
0.0000,0.9990,0.0010
0.0000,0.9999,0.0001
0.1322,0.8659,0.0019
0.0000,1.0000,0.0000
0.0620,0.7905,0.1476
0.0000,1.0000,0.0000
0.0000,0.9982,0.0018
0.0010,0.9990,0.0000
0.0000,0.9878,0.0121
0.0000,1.0000,0.0000
0.0000,0.9999,0.0001
0.0004,0.9991,0.0006
0.0000,1.0000,0.0000
0.1370,0.8313,0.0317
0.0020,0.6325,0.3656
0.0208,0.5512,0.4280
0.0151,0.0442,0.9407
0.0016,0.8921,0.1063
0.0001,0.9983,0.0016
0.0074,0.1576,0.8350
0.3349,0.0557,0.6094
0.0000,0.9907,0.0092
0.0088,0.9434,0.0478
0.0485,0.9421,0.0095
0.0000,1.0000,0.0000
0.0000,0.9966,0.0034
0.0000,1.0000,0.0000
0.0000,0.9987,0.0013
0.0027,0.6649,0.3324
0.0000,1.0000,0.0000
0.0265,0.9645,0.0090
0.0006,0.9986,0.0008
0.0035,0.9937,0.0029
0.6040,0.2801,0.1158
0.0000,1.0000,0.0000
0.0001,0.9549,0.0451
0.0004,0.7270,0.2725
0.0000,0.9874,0.0126
0.0000,0.9022,0.0978
0.0019,0.7843,0.2138
0.0023,0.9276,0.0701
0.0046,0.9920,0.0033
0.0051,0.9905,0.0044
0.0004,0.7919,0.2077
0.0001,0.9953,0.0047
0.0015,0.9749,0.0236
0.0001,0.9912,0.0087
0.0000,1.0000,0.0000
0.0069,0.8046,0.1885
0.0040,0.8300,0.1659
0.0000,0.9994,0.0005
0.0182,0.5223,0.4595
0.1030,0.8572,0.0398
0.0000,0.9921,0.0079
0.0012,0.4916,0.5072
0.0002,0.9106,0.0892
0.0002,0.5460,0.4538
0.6843,0.3048,0.0109
0.0000,0.9994,0.0006
0.0172,0.9670,0.0159
0.0000,0.9623,0.0377
0.0000,1.0000,0.0000
0.0000,1.0000,0.0000
0.0000,1.0000,0.0000
0.0000,0.9947,0.0053
0.0000,0.0001,0.9999
0.0000,0.9998,0.0002
0.0000,1.0000,0.0000
0.0001,0.9970,0.0029
0.2064,0.7595,0.0342
0.0675,0.9223,0.0101
0.0000,1.0000,0.0000
0.0000,0.9985,0.0015
0.0000,0.9999,0.0001
0.0000,1.0000,0.0000
0.0000,0.2963,0.7037
0.0000,0.9998,0.0002
0.0032,0.9946,0.0022
0.1657,0.3727,0.4616
0.0000,0.9999,0.0001
0.4102,0.4814,0.1084
0.0000,0.9876,0.0124
0.0000,0.9994,0.0006
0.0204,0.9725,0.0071
0.0330,0.9611,0.0059
0.0064,0.1027,0.8909
0.0000,0.9999,0.0000
0.0000,1.0000,0.0000
0.0175,0.6621,0.3204
0.0007,0.7820,0.2172
0.0003,0.9858,0.0139
0.0006,0.6668,0.3326
0.0001,0.8093,0.1906
0.0000,1.0000,0.0000
0.0019,0.9981,0.0000
0.0000,1.0000,0.0000
0.0000,0.8857,0.1142
0.0358,0.7350,0.2291
0.0000,1.0000,0.0000
0.0147,0.9815,0.0038
0.0294,0.9555,0.0151
0.0000,0.8079,0.1921
0.0000,0.9986,0.0014
0.0156,0.9676,0.0168
0.0000,1.0000,0.0000
0.0000,0.9996,0.0004
0.0134,0.9729,0.0136
0.0000,0.9077,0.0923
0.0000,0.9997,0.0003
0.0001,0.9994,0.0006
0.0000,0.9651,0.0349
0.2540,0.7315,0.0145
0.3938,0.2151,0.3911
0.0000,0.9989,0.0011
0.0000,0.9986,0.0014
0.0000,0.9999,0.0001
0.0010,0.9987,0.0003
0.0081,0.5892,0.4027
0.0000,0.9999,0.0001
0.0097,0.9896,0.0007
0.0019,0.9723,0.0258
0.0087,0.9557,0.0356
0.0032,0.5780,0.4188
0.0000,0.6171,0.3828
0.0005,0.9815,0.0180
0.3300,0.4869,0.1830
0.0000,0.5907,0.4093
0.0729,0.9075,0.0196
0.8991,0.0921,0.0089
0.0037,0.9782,0.0181
0.6616,0.2151,0.1233
0.0000,1.0000,0.0000
0.0001,0.9999,0.0001
0.0002,0.1307,0.8691
0.0040,0.9905,0.0054
0.0000,1.0000,0.0000
0.0000,0.9988,0.0012
0.2911,0.5233,0.1856
0.0000,0.9302,0.0697
0.0007,0.9986,0.0008
0.0016,0.9527,0.0457
0.0000,0.9987,0.0013
0.0009,0.8476,0.1515
0.0000,0.4991,0.5009
0.0000,0.9990,0.0010
0.4863,0.5016,0.0121
0.0002,0.9964,0.0034
0.0001,0.9988,0.0012
0.0090,0.9903,0.0007
0.0000,0.9999,0.0001
0.0000,1.0000,0.0000
0.0000,1.0000,0.0000
0.2649,0.7117,0.0234
0.0001,0.9999,0.0000
0.0255,0.9028,0.0717
0.0001,0.9998,0.0000
0.0000,0.9945,0.0055
0.0008,0.8913,0.1079
0.0000,1.0000,0.0000
0.1141,0.1332,0.7527
0.0023,0.6349,0.3628
0.0000,0.9963,0.0037
0.0100,0.9690,0.0210
0.0903,0.6956,0.2141
0.0016,0.2059,0.7925
0.0000,0.9946,0.0054
0.0012,0.9534,0.0455
0.0003,0.9915,0.0082
0.0000,0.9909,0.0091
0.0000,0.9892,0.0108
0.0000,1.0000,0.0000
0.0348,0.8830,0.0822
0.0061,0.9365,0.0574
0.0076,0.9911,0.0014
0.0823,0.0978,0.8200
0.0020,0.9852,0.0127
0.0001,0.9892,0.0108
0.0000,0.9995,0.0005
0.0024,0.9972,0.0003
0.0164,0.6751,0.3085
0.1285,0.1312,0.7403
0.1735,0.7964,0.0301
0.0000,0.9999,0.0000
0.1486,0.8425,0.0089
0.0001,0.9982,0.0017
0.0003,0.9811,0.0186
0.0061,0.9001,0.0938
0.0038,0.9944,0.0018
0.2878,0.4209,0.2913
0.0856,0.4906,0.4238
0.0874,0.7024,0.2102
0.0011,0.9857,0.0132
0.0020,0.3708,0.6272
0.0001,0.9967,0.0032
0.2114,0.6276,0.1610
0.0003,0.9824,0.0173
0.0001,0.9956,0.0044
0.0005,0.6152,0.3843
0.0000,0.9996,0.0004
0.9034,0.0928,0.0038
0.0000,0.4407,0.5593
0.0077,0.8480,0.1443
0.0002,0.9909,0.0089
0.0012,0.9586,0.0403
0.0000,1.0000,0.0000
0.0000,0.9866,0.0134
0.0012,0.8209,0.1779
0.0000,0.9991,0.0009
0.0000,1.0000,0.0000
0.0000,1.0000,0.0000
0.0003,0.4276,0.5722
0.0000,0.9998,0.0002
0.0015,0.9798,0.0187
0.0000,1.0000,0.0000
0.0008,0.5306,0.4687
0.0000,0.9988,0.0012
0.0001,0.9999,0.0000
0.0039,0.9359,0.0601
0.0001,0.9747,0.0253
0.0334,0.9513,0.0153
0.0040,0.8696,0.1265
0.0000,0.0229,0.9771
0.0000,0.9425,0.0575
0.0009,0.9989,0.0002
0.0002,0.7382,0.2615
0.0001,0.9998,0.0001
0.0000,0.9457,0.0542
0.0003,0.9940,0.0057
0.8707,0.0640,0.0652
0.0024,0.5984,0.3992
0.0000,0.9989,0.0011
0.0124,0.6571,0.3305
0.0000,0.9101,0.0899
0.0000,1.0000,0.0000
0.1188,0.7230,0.1582
0.0000,0.3742,0.6258
0.0000,1.0000,0.0000
0.0000,1.0000,0.0000
0.6285,0.0473,0.3242
0.8782,0.0414,0.0804
0.0000,0.9979,0.0020
0.0000,0.9805,0.0195
0.0000,0.9954,0.0046
0.4296,0.2491,0.3213
0.0000,0.9971,0.0029
0.0000,0.9984,0.0015
0.0007,0.9628,0.0366
0.0014,0.9310,0.0675
0.0000,0.9924,0.0076
0.0049,0.2023,0.7928
0.0001,0.9280,0.0719
0.0000,0.9693,0.0307
0.1685,0.5500,0.2815
0.9187,0.0776,0.0037
0.5224,0.4773,0.0002
0.0012,0.9983,0.0005
0.0000,1.0000,0.0000
0.0041,0.9953,0.0006
0.0018,0.9714,0.0268
0.0000,1.0000,0.0000
0.8753,0.0939,0.0309
0.0006,0.8982,0.1012
0.0000,0.9964,0.0036
0.0000,0.9999,0.0000
0.0000,0.9583,0.0417
0.0000,0.9800,0.0200
0.0000,0.9999,0.0001
0.0000,0.9895,0.0105
0.0005,0.9993,0.0002
0.0002,0.8187,0.1811
0.0015,0.9982,0.0003
0.4197,0.5756,0.0047
0.0106,0.9572,0.0322
0.0001,0.1376,0.8623
0.0000,1.0000,0.0000
0.0028,0.1193,0.8779
0.4182,0.5580,0.0238
0.0476,0.1313,0.8211
0.0001,0.9970,0.0029
0.8753,0.0312,0.0936
0.5507,0.4069,0.0424
0.1130,0.3031,0.5839
0.0000,1.0000,0.0000
0.0170,0.8913,0.0916
0.0006,0.0511,0.9483
0.0004,0.9491,0.0506
0.0010,0.9393,0.0597
0.0001,0.9835,0.0164
0.1386,0.5206,0.3409
0.0001,0.9650,0.0349
0.0084,0.9885,0.0031
0.0005,0.9993,0.0002
0.4941,0.5037,0.0022
0.0052,0.9839,0.0109
0.0002,0.9972,0.0025
0.2427,0.5278,0.2295
0.1251,0.8667,0.0083
0.1607,0.2994,0.5399
0.0000,0.9841,0.0159
0.0000,1.0000,0.0000
0.0000,0.9998,0.0002
0.0000,0.2777,0.7223
0.0000,0.8594,0.1406
0.0033,0.9913,0.0053
0.0000,0.7633,0.2367
0.0018,0.9977,0.0005
0.0000,1.0000,0.0000
0.2591,0.7399,0.0011
0.0000,0.9993,0.0007
0.1004,0.7371,0.1625
0.7028,0.2753,0.0219
0.6180,0.3286,0.0533
0.0017,0.9807,0.0175
0.0003,0.6495,0.3502
0.0000,1.0000,0.0000
0.0000,0.9995,0.0005
0.0002,0.9996,0.0002
0.0000,0.9969,0.0030
0.0377,0.6621,0.3002
0.3766,0.4252,0.1982
0.0009,0.6960,0.3031
0.3470,0.5974,0.0555
0.0000,0.9985,0.0015
0.0027,0.9288,0.0685
0.0002,0.9449,0.0549
0.0005,0.0139,0.9856
0.0000,1.0000,0.0000
0.0000,1.0000,0.0000
0.0007,0.9738,0.0255
0.0000,1.0000,0.0000
0.8125,0.1778,0.0097
0.8045,0.1949,0.0006
0.0008,0.7025,0.2967
0.0833,0.9034,0.0134
0.0009,0.9405,0.0586
0.0039,0.9958,0.0003
0.0224,0.9498,0.0278
0.0000,0.9993,0.0007
0.0003,0.7712,0.2285
0.0103,0.8930,0.0967
0.0009,0.9808,0.0183
0.0027,0.7602,0.2371
0.7492,0.1504,0.1004
0.0016,0.9948,0.0035
0.0005,0.9989,0.0006
0.0000,0.9984,0.0015
0.0000,1.0000,0.0000
0.0006,0.4016,0.5978
0.4540,0.2496,0.2964
0.0001,0.7978,0.2020
0.0016,0.9957,0.0027
0.0000,0.9998,0.0002
0.0964,0.1154,0.7882
0.0000,0.9984,0.0016
0.0008,0.3481,0.6511
0.0002,0.9958,0.0040
0.0122,0.9860,0.0019
0.6286,0.2925,0.0789
0.0024,0.6436,0.3541
0.0001,0.8579,0.1421
0.0000,0.9938,0.0062
0.0000,0.9999,0.0001
0.0000,0.9997,0.0003
0.0000,0.9245,0.0754
0.0000,0.9856,0.0143
0.0010,0.9986,0.0004
0.9659,0.0108,0.0233
0.0338,0.8619,0.1043
0.0000,0.9747,0.0253
0.6624,0.3142,0.0234
0.0003,0.9971,0.0026
0.0003,0.9968,0.0029
0.0000,0.8494,0.1506
0.0000,0.9989,0.0010
0.8397,0.0878,0.0725
0.0009,0.9769,0.0222
0.0016,0.9983,0.0001
0.5388,0.3798,0.0814
0.0000,0.9935,0.0065
0.0000,0.4272,0.5728
0.0020,0.3636,0.6343
0.0016,0.9598,0.0386
0.4240,0.5341,0.0419
0.0010,0.8328,0.1662
0.0000,0.9972,0.0028
0.0000,1.0000,0.0000
0.0000,0.9959,0.0041
0.0032,0.9839,0.0129
0.0007,0.5497,0.4497
0.0001,0.1645,0.8354
0.0028,0.9731,0.0241
0.0001,0.9997,0.0003
0.0000,0.9722,0.0278
0.0040,0.9949,0.0010
0.0104,0.9337,0.0558
0.9099,0.0635,0.0266
0.0674,0.4734,0.4592
0.3331,0.6387,0.0282
0.7844,0.1579,0.0578
0.4849,0.4689,0.0462
0.0000,0.9996,0.0004
0.0000,1.0000,0.0000
0.0001,0.9871,0.0127
0.0003,0.9024,0.0973
0.0001,0.9776,0.0222
0.0000,0.9158,0.0842
0.0027,0.9763,0.0210
0.1742,0.7220,0.1038
0.0002,0.9938,0.0060
0.0000,0.9996,0.0004
0.0002,0.5973,0.4025
0.0000,1.0000,0.0000
0.0000,0.9991,0.0009
0.5279,0.0805,0.3916
0.0049,0.9865,0.0086
0.1013,0.1740,0.7246
0.0055,0.8260,0.1684
0.0010,0.5733,0.4257
0.0002,0.0864,0.9134
0.0000,1.0000,0.0000
0.0004,0.9084,0.0912
0.0864,0.9078,0.0058
0.0124,0.2621,0.7255
0.0052,0.9478,0.0470
0.0218,0.3617,0.6166
0.0000,0.9996,0.0004
0.0024,0.9623,0.0354
0.0000,0.9991,0.0009
0.0082,0.8527,0.1390
0.0002,0.0059,0.9939
0.0057,0.7637,0.2307
0.0041,0.9812,0.0148
0.0000,0.8246,0.1754
0.0051,0.2150,0.7799
0.7681,0.2134,0.0184
0.0000,0.9822,0.0178
0.0000,0.9805,0.0195
0.0002,0.4177,0.5821
0.5870,0.3698,0.0432
0.4727,0.5113,0.0160
0.9571,0.0319,0.0110
0.0001,0.9764,0.0235
0.0034,0.9502,0.0464
0.0000,0.9988,0.0012
0.0000,0.9999,0.0001
0.0000,0.9907,0.0093
0.0000,1.0000,0.0000
0.0001,0.9943,0.0056
0.0000,0.9980,0.0020
0.0149,0.2492,0.7360
0.0000,0.9873,0.0127
0.0000,0.9923,0.0077
0.0000,0.9999,0.0001
0.0004,0.9981,0.0014
0.0000,0.9955,0.0045
0.0018,0.0812,0.9170
0.0370,0.8938,0.0692
0.0000,0.9994,0.0006
0.0000,1.0000,0.0000
0.0000,0.9952,0.0047
0.0074,0.9430,0.0496
0.0008,0.8916,0.1075
0.0000,0.9999,0.0001
0.0002,0.0130,0.9868
0.0001,0.9336,0.0663
0.0001,0.2317,0.7681
0.0000,0.9932,0.0068
0.8668,0.0953,0.0379
0.0002,0.9987,0.0012
0.1481,0.2974,0.5545
0.0082,0.9872,0.0046
0.0000,1.0000,0.0000
0.0000,0.0449,0.9551
0.0000,0.9997,0.0003
0.0000,1.0000,0.0000
0.9796,0.0112,0.0092
0.0080,0.8685,0.1235
0.0006,0.9994,0.0001
0.0000,0.9999,0.0000
0.0056,0.9926,0.0017
0.4837,0.4640,0.0523
0.0156,0.7940,0.1904
0.0021,0.9083,0.0896
0.0000,1.0000,0.0000
0.1297,0.7886,0.0817
0.0000,0.6457,0.3543
0.0006,0.9028,0.0966
0.0000,0.9999,0.0001
0.0001,0.9997,0.0002
0.0287,0.9685,0.0028
0.0000,0.9697,0.0303
0.0000,1.0000,0.0000
0.0005,0.9032,0.0962
0.0073,0.1603,0.8324
0.8562,0.1038,0.0401
0.0001,0.0071,0.9929
0.0000,0.9999,0.0001
0.0000,0.9999,0.0001
0.0000,0.9999,0.0001
0.0609,0.7765,0.1626
0.0000,0.9998,0.0002
0.2436,0.5632,0.1932
0.0000,0.3024,0.6975
0.0066,0.0868,0.9067
0.0000,1.0000,0.0000
0.0000,0.9486,0.0514
0.8237,0.1347,0.0416
0.0007,0.1276,0.8717
0.0000,0.9980,0.0020
0.9371,0.0488,0.0141
0.0023,0.6789,0.3188
0.0000,0.9961,0.0038
0.0000,0.5450,0.4550
0.0000,0.9985,0.0015
0.0089,0.9803,0.0109
0.0027,0.9933,0.0039
0.0028,0.9968,0.0004
0.3449,0.6466,0.0085
0.0000,0.2814,0.7186
0.0033,0.9957,0.0010
0.0039,0.9005,0.0956
0.0000,0.9903,0.0096
0.0000,0.9880,0.0120
0.0140,0.5531,0.4329
0.0000,0.7841,0.2159
0.0052,0.9939,0.0009
0.0008,0.9931,0.0061
0.0474,0.7172,0.2354
0.0173,0.9267,0.0561
0.0002,0.9997,0.0001
0.0008,0.9332,0.0660
0.0036,0.9417,0.0547
0.0676,0.6654,0.2671
0.6463,0.2893,0.0644
0.0000,0.9990,0.0010
0.0001,0.9999,0.0000
0.0003,0.9829,0.0168
0.0000,0.0002,0.9998
0.0002,0.9998,0.0001
0.0000,0.9825,0.0175
0.0001,0.9980,0.0019
0.0128,0.6661,0.3212
0.0000,0.9995,0.0005
0.0002,0.8104,0.1894
0.0039,0.6160,0.3801
0.0000,0.0008,0.9992
0.0000,0.5090,0.4910
0.0000,0.9994,0.0006
0.0000,0.5429,0.4571
0.0001,0.9337,0.0662
0.0001,0.9924,0.0076
0.8083,0.1834,0.0083
0.0000,0.9988,0.0012
0.0003,0.9147,0.0850
0.9732,0.0115,0.0153
0.0000,1.0000,0.0000
0.0030,0.9930,0.0040
0.0040,0.9934,0.0026
0.0000,0.9999,0.0001
0.0050,0.9725,0.0225
0.5261,0.4249,0.0490
0.0123,0.6635,0.3242
0.0001,0.9061,0.0938
0.0002,0.9980,0.0018
0.0000,0.9999,0.0001
0.0440,0.9366,0.0194
0.3778,0.2063,0.4160
0.2425,0.4283,0.3291
0.0000,0.1565,0.8435
0.0000,1.0000,0.0000
0.0099,0.9292,0.0609
0.2156,0.5568,0.2277
0.2540,0.7315,0.0145
0.1675,0.8266,0.0059
0.0000,0.9991,0.0009
0.7332,0.2581,0.0087
0.0063,0.5507,0.4430
0.0000,0.9988,0.0012
0.0001,0.9820,0.0179
0.0000,0.9989,0.0011
0.0000,0.9999,0.0000
0.0020,0.2818,0.7161
0.0000,1.0000,0.0000
0.0000,0.9999,0.0001
0.0014,0.9287,0.0699
0.0005,0.8731,0.1264
0.0000,0.9003,0.0997
0.0105,0.9885,0.0010
0.0000,1.0000,0.0000
0.0000,0.9626,0.0373
0.0677,0.7080,0.2243
0.0000,0.9997,0.0003
0.0000,1.0000,0.0000
0.1428,0.0228,0.8344
0.0023,0.9696,0.0281
0.0044,0.8441,0.1516
0.0001,0.7601,0.2398
0.0049,0.7161,0.2790
0.0000,0.9999,0.0000
0.0000,1.0000,0.0000
0.0000,0.9763,0.0237
0.0196,0.9694,0.0110
0.0000,0.9991,0.0009
0.0000,0.1277,0.8723
0.0075,0.9906,0.0018
0.2998,0.4850,0.2152
0.2004,0.7950,0.0046
0.0000,0.9961,0.0038
0.0000,0.9987,0.0013
0.0006,0.9617,0.0377
0.0000,0.9977,0.0023
0.0329,0.1289,0.8383
0.0000,1.0000,0.0000
0.0000,0.9989,0.0011
0.0000,1.0000,0.0000
0.0001,0.9553,0.0446
0.0069,0.9012,0.0918
0.0003,0.9917,0.0080
0.0000,0.9913,0.0087
0.0000,1.0000,0.0000
0.0000,0.9999,0.0001
0.0000,0.9993,0.0007
0.0004,0.9994,0.0002
0.0072,0.6071,0.3857
0.0000,0.9917,0.0083
0.1260,0.3020,0.5720
0.0032,0.6415,0.3553
0.2266,0.6507,0.1227
0.1975,0.7742,0.0283
0.0198,0.7991,0.1811
0.0161,0.9731,0.0108
0.0019,0.8746,0.1235
0.0079,0.9836,0.0085
0.0001,0.9029,0.0970
0.2689,0.2442,0.4870
0.0000,0.9999,0.0000
0.0000,0.9998,0.0002
0.0000,1.0000,0.0000
0.0197,0.3147,0.6656
0.9011,0.0931,0.0058
0.0740,0.8184,0.1076
0.1924,0.5492,0.2584
0.6537,0.2906,0.0557
0.0001,0.9966,0.0032
0.0000,0.9997,0.0003
0.1288,0.4839,0.3873
0.0000,0.9543,0.0456
0.0001,0.9934,0.0065
0.0001,0.0746,0.9253
0.0002,0.9995,0.0002
0.0032,0.9688,0.0281
0.0003,0.9010,0.0987
0.0297,0.6630,0.3072
0.2283,0.3030,0.4688
0.0189,0.5216,0.4595
0.0001,0.9997,0.0002
0.0000,0.9949,0.0051
0.0000,0.9995,0.0005
0.0002,0.9762,0.0236
0.0056,0.1838,0.8106
0.0007,0.4329,0.5664
0.0148,0.8657,0.1195
0.3354,0.4957,0.1689
0.0000,0.9698,0.0302
0.0000,0.9996,0.0004
0.0032,0.9935,0.0033
0.0000,1.0000,0.0000
0.0148,0.7019,0.2833
0.0009,0.7569,0.2422
0.1181,0.0447,0.8371
0.0207,0.9762,0.0031
0.0136,0.0050,0.9814
0.0000,0.9951,0.0049
0.0054,0.0810,0.9136
0.0001,0.8246,0.1753
0.0000,0.9996,0.0004
0.0000,0.9999,0.0001
0.0000,0.2019,0.7981
0.0000,0.9992,0.0008
0.0691,0.4636,0.4673
0.0401,0.8958,0.0641
0.0421,0.9527,0.0052
0.3116,0.6800,0.0083
0.5058,0.4084,0.0858
0.0717,0.9200,0.0083
0.0029,0.9945,0.0026
0.0002,0.9811,0.0187
0.1243,0.8146,0.0611
0.0020,0.9562,0.0417
0.0001,0.9989,0.0011
0.0008,0.8168,0.1824
0.0648,0.8964,0.0388
0.0003,0.9966,0.0031
0.0616,0.9120,0.0264
0.0000,1.0000,0.0000
0.0000,0.9644,0.0356
0.0051,0.9483,0.0465
0.0138,0.8713,0.1149
0.0062,0.9765,0.0173
0.0035,0.3943,0.6022
0.0002,0.9992,0.0006
0.8792,0.0824,0.0384
0.1154,0.8056,0.0790
0.3938,0.4767,0.1295
0.0389,0.3675,0.5936
0.0000,0.9983,0.0017
0.0002,0.9952,0.0046
0.0000,1.0000,0.0000
0.0001,0.9854,0.0145
0.8942,0.0528,0.0530
0.0000,1.0000,0.0000
0.0533,0.0722,0.8744
0.0901,0.8190,0.0910
0.0027,0.9179,0.0793
0.0000,0.7763,0.2237
0.0000,1.0000,0.0000
0.0029,0.9761,0.0210
0.0000,0.9999,0.0001
0.0221,0.9546,0.0233
0.0006,0.9982,0.0012
0.0005,0.9935,0.0061
0.0001,0.9959,0.0040
0.0000,0.9988,0.0012
0.0000,0.9906,0.0094
0.0000,0.9842,0.0158
0.2180,0.7215,0.0605
0.2727,0.3679,0.3594
0.0000,0.7080,0.2920
0.0266,0.9698,0.0037
0.0000,0.9996,0.0004
0.0030,0.8914,0.1056
0.0002,0.9017,0.0981
0.0000,1.0000,0.0000
0.0972,0.8736,0.0291
0.0132,0.4438,0.5430
0.0000,0.9996,0.0003
0.2535,0.7168,0.0297
0.0076,0.8152,0.1772
0.0000,0.9973,0.0027
0.0001,0.9293,0.0706
0.0290,0.3408,0.6302
0.0000,0.9995,0.0005
0.2564,0.4285,0.3151
0.2779,0.0057,0.7163
0.0130,0.4594,0.5276
0.0785,0.3585,0.5631
0.0003,0.9995,0.0002
0.0000,0.9988,0.0012
0.0000,1.0000,0.0000
0.2728,0.7063,0.0209
0.0009,0.6426,0.3565
0.0000,1.0000,0.0000
0.0000,0.9776,0.0224
0.0001,0.9986,0.0013
0.0000,0.9822,0.0178
0.0000,0.9991,0.0009
0.0534,0.5339,0.4127
0.8668,0.0953,0.0379
0.7879,0.1997,0.0124
0.5295,0.0554,0.4151
0.0049,0.7250,0.2700
0.1555,0.7864,0.0581
0.0016,0.9962,0.0022
0.0002,0.9997,0.0002
0.0068,0.9924,0.0008
0.0000,0.9944,0.0056
0.0000,1.0000,0.0000
0.0010,0.8408,0.1582
0.0095,0.9280,0.0625
0.0000,1.0000,0.0000
0.0000,1.0000,0.0000
0.0000,0.9937,0.0063
0.0000,0.9902,0.0098
0.0000,0.9999,0.0001
0.0000,0.4600,0.5400
0.0030,0.6785,0.3185
0.0000,1.0000,0.0000
0.0001,0.0160,0.9839
0.7141,0.2362,0.0497
0.4192,0.5533,0.0275
0.7173,0.2567,0.0259
0.5490,0.3959,0.0552
0.0074,0.9825,0.0100
0.1270,0.8645,0.0085
0.2273,0.6490,0.1238
0.0041,0.9881,0.0078
0.3653,0.3160,0.3187
0.0200,0.9478,0.0322
0.9820,0.0108,0.0072
0.0072,0.8885,0.1043
0.0001,0.3995,0.6003
0.8593,0.1404,0.0004
0.0000,0.9999,0.0001
0.0000,0.9999,0.0001
0.0002,0.6060,0.3939
0.0106,0.8174,0.1720
0.0482,0.8921,0.0597
0.0000,1.0000,0.0000
0.0000,0.9976,0.0024
0.0017,0.9912,0.0070
0.0010,0.9973,0.0016
0.0030,0.0949,0.9021
0.0000,1.0000,0.0000
0.0000,0.9966,0.0034
0.0001,0.9951,0.0048
0.0024,0.9932,0.0043
0.0002,0.4130,0.5868
0.6428,0.2258,0.1315
0.0000,0.9956,0.0044
0.3707,0.4577,0.1715
0.0001,0.9964,0.0035
0.0016,0.9898,0.0086
0.0005,0.9956,0.0040
0.0000,0.0320,0.9679
0.0004,0.9996,0.0000
0.0000,0.9997,0.0003
0.0000,0.9928,0.0072
0.0014,0.9433,0.0553
0.0004,0.9375,0.0621
0.0326,0.7207,0.2468
0.0049,0.9849,0.0102
0.0004,0.1233,0.8763
0.0005,0.6384,0.3610
0.0000,0.9981,0.0019
0.0000,1.0000,0.0000
0.3323,0.6008,0.0669
0.0004,0.9995,0.0001
0.0002,0.9353,0.0646
0.0001,0.0978,0.9021
0.0000,0.9977,0.0023
0.0000,1.0000,0.0000
0.0000,0.9908,0.0092
0.0103,0.9218,0.0679
0.0000,1.0000,0.0000
0.0007,0.9942,0.0050
0.0011,0.9645,0.0344
0.0000,0.8018,0.1982
0.0000,0.0082,0.9918
0.0002,0.6413,0.3586
0.0001,0.6515,0.3484
0.0105,0.2908,0.6987
0.0039,0.4894,0.5068
0.0000,0.9998,0.0002
0.0000,0.9913,0.0087
0.0016,0.0270,0.9715
0.0016,0.9956,0.0028
0.0010,0.7822,0.2168
0.0000,0.9983,0.0017
0.0000,0.9972,0.0028
0.1255,0.8001,0.0745
0.7143,0.2482,0.0375
0.0450,0.9523,0.0027
0.0039,0.9222,0.0739
0.0025,0.3959,0.6016
0.0001,0.9993,0.0005
0.0000,0.9283,0.0717
0.0000,0.9985,0.0015
0.0000,1.0000,0.0000
0.0002,0.9847,0.0151
0.0000,1.0000,0.0000
0.8668,0.0953,0.0379
0.0018,0.8786,0.1196
0.0000,0.9988,0.0012
0.0000,1.0000,0.0000
0.0047,0.9790,0.0163
0.0001,0.9998,0.0001
0.0094,0.9840,0.0066
0.0010,0.9971,0.0020
0.0339,0.2444,0.7216
0.0037,0.7881,0.2082
0.0000,0.9999,0.0001
0.0000,0.9963,0.0037
0.0000,0.8349,0.1651
0.0000,0.9853,0.0147
0.0218,0.9780,0.0002
0.0003,0.9997,0.0001
0.0521,0.9313,0.0166
0.0000,0.9992,0.0008
0.0043,0.3267,0.6690
0.0002,0.9933,0.0065
0.0000,1.0000,0.0000
0.0000,0.0031,0.9969
0.0008,0.9792,0.0200
0.0000,0.0019,0.9981
0.0077,0.9113,0.0810
0.0131,0.9853,0.0016
0.0315,0.9671,0.0014
0.0001,0.9886,0.0112
0.0013,0.2325,0.7662
0.0013,0.9903,0.0084
0.0001,0.7852,0.2147
0.0000,0.9990,0.0010
0.0216,0.9716,0.0068
0.0667,0.9264,0.0069
0.0175,0.5067,0.4758
0.0023,0.9934,0.0042
0.6394,0.2913,0.0693
0.3218,0.6669,0.0113
0.0094,0.9060,0.0846
0.0036,0.9438,0.0526
0.0000,1.0000,0.0000
0.0004,0.9994,0.0001
0.2965,0.6595,0.0440
0.0125,0.9841,0.0034
0.0000,0.9999,0.0001
0.0063,0.9818,0.0120
0.3222,0.2248,0.4530
0.4020,0.3709,0.2271
0.0008,0.9618,0.0374
0.0015,0.9732,0.0254
0.0000,0.9962,0.0038
0.1737,0.7214,0.1049
0.0025,0.9663,0.0312
0.0000,0.9985,0.0015
0.6823,0.2122,0.1055
0.0024,0.0817,0.9159
0.2283,0.3030,0.4688
0.0001,0.9976,0.0023
0.7439,0.2395,0.0166
0.1914,0.7364,0.0721
0.4337,0.4999,0.0664
0.0000,0.9865,0.0135
0.1820,0.5727,0.2454
0.0000,1.0000,0.0000
0.0003,0.7623,0.2374
0.3353,0.4576,0.2071
0.6624,0.3142,0.0234
0.5729,0.2674,0.1597
0.0000,0.9403,0.0597
0.0000,0.9998,0.0002
0.0000,0.9917,0.0083
0.0000,0.9988,0.0012
